 System Cu-Fe-C
    3    7    0    6    6    4    4    4    4    4
 Cu                       Fe                       C
    63.54600000              55.84500000              12.01070000
   6   1   2   3   4   5   6
   6   1   2   3   4   5   6
 Liquid
 SUBG
  2.40000
   3   4
 C
   4  1    0.0    0.0    1.0
  6000.0000      100000.56      146.10000     -24.300000     -.47230000E-03
 0.00000000      2562600.0
 2 -.26430000E+09  -2.00 0.12000000E+11  -3.00
  1.00000      1.00000     0.000000     0.000000     0.000000
 Fe
   4  2    0.0    1.0    0.0
  1811.0000      13265.870      117.57557     -23.514300     -.43975200E-02
 -.58927000E-07  77359.000
 1 -.36751551E-20   7.00
  6000.0000     -10838.837      291.30200     -46.000000     0.00000000
 0.00000000     0.00000000
 1 0.00000000       0.00
  1.00000      1.00000     0.000000     0.000000     0.000000
 Cu
   4  2    1.0    0.0    0.0
  1358.0200      5194.3820      120.97516     -24.112392     -.26568400E-02
 0.12922300E-06  52478.000
 1 -.58393200E-20   7.00
  3200.0000     -46.930439      173.88373     -31.380000     0.00000000
 0.00000000     0.00000000
 1 0.00000000       0.00
  1.00000      1.00000     0.000000     0.000000     0.000000
   3   1
 C                        Fe                       Cu
 Va
  1.00000      1.00000      1.00000
   1   2   2
  1.00000
   1
   1   2   3
   1   1   1
   1   1   4   4  6.0000000      6.0000000      6.0000000      6.0000000
   2   2   4   4  6.0000000      6.0000000      6.0000000      6.0000000
   3   3   4   4  6.0000000      6.0000000      6.0000000      6.0000000
   1   2   4   4  6.0000000      3.0000000      4.0000000      4.0000000
   3
 G   1   2   4   4   0   0   0   0
 0.00000000       0.00 0.00000000       0.00 0.00000000       0.00
 0.00000000       0.00 0.00000000       0.00 0.00000000       0.00
   0   0 -30459.520      3.1380000     0.00000000     0.00000000
 0.00000000     0.00000000
   3
 G   1   2   4   4   0   1   0   0
 0.00000000       0.00 0.00000000       0.00 0.00000000       0.00
 0.00000000       0.00 0.00000000       0.00 0.00000000       0.00
   0   0 -1129.6800     0.00000000     0.00000000     0.00000000
 0.00000000     0.00000000
   3
 G   1   3   4   4   0   0   0   0
 0.00000000       0.00 0.00000000       0.00 0.00000000       0.00
 0.00000000       0.00 0.00000000       0.00 0.00000000       0.00
   0   0  32635.200     -4.6024000     0.00000000     0.00000000
 0.00000000     0.00000000
   3
 G   1   3   4   4   0   1   0   0
 0.00000000       0.00 0.00000000       0.00 0.00000000       0.00
 0.00000000       0.00 0.00000000       0.00 0.00000000       0.00
   0   0 0.00000000     0.00000000     0.00000000     0.00000000
 0.00000000     0.00000000
   3
 G   1   3   4   4   0   2   0   0
 0.00000000       0.00 0.00000000       0.00 0.00000000       0.00
 0.00000000       0.00 0.00000000       0.00 0.00000000       0.00
   0   0 0.00000000     0.00000000     0.00000000     0.00000000
 0.00000000     0.00000000
   3
 G   2   3   4   4   0   0   0   0
 0.00000000       0.00 0.00000000       0.00 0.00000000       0.00
 0.00000000       0.00 0.00000000       0.00 0.00000000       0.00
   0   0  12552.000     -1.2552000     0.00000000     0.00000000
 0.00000000     0.00000000
   3
 G   2   3   4   4   1   0   0   0
 0.00000000       0.00 0.00000000       0.00 0.00000000       0.00
 0.00000000       0.00 0.00000000       0.00 0.00000000       0.00
   0   0  2719.6000     0.00000000     0.00000000     0.00000000
 0.00000000     0.00000000
   3
 G   2   3   4   4   0   1   0   0
 0.00000000       0.00 0.00000000       0.00 0.00000000       0.00
 0.00000000       0.00 0.00000000       0.00 0.00000000       0.00
   0   0  3556.4000     0.00000000     0.00000000     0.00000000
 0.00000000     0.00000000
   3
 G   1   2   4   4   0   0   1   0
 0.00000000       0.00 0.00000000       0.00 0.00000000       0.00
 0.00000000       0.00 0.00000000       0.00 0.00000000       0.00
   3   0 0.00000000     0.00000000     0.00000000     0.00000000
 0.00000000     0.00000000
   3
 G   2   3   4   4   0   0   1   0
 0.00000000       0.00 0.00000000       0.00 0.00000000       0.00
 0.00000000       0.00 0.00000000       0.00 0.00000000       0.00
   1   0 0.00000000     0.00000000     0.00000000     0.00000000
 0.00000000     0.00000000
   3
 G   1   3   4   4   0   0   1   0
 0.00000000       0.00 0.00000000       0.00 0.00000000       0.00
 0.00000000       0.00 0.00000000       0.00 0.00000000       0.00
   2   0 -16317.600     0.00000000     0.00000000     0.00000000
 0.00000000     0.00000000
   0
 Liquid
 SUBG
  2.40000
   3   4
 C
   4  1    0.0    0.0    1.0
  6000.0000      100000.56      146.10000     -24.300000     -.47230000E-03
 0.00000000      2562600.0
 2 -.26430000E+09  -2.00 0.12000000E+11  -3.00
  1.00000      1.00000     0.000000     0.000000     0.000000
 Fe
   4  2    0.0    1.0    0.0
  1811.0000      13265.870      117.57557     -23.514300     -.43975200E-02
 -.58927000E-07  77359.000
 1 -.36751551E-20   7.00
  6000.0000     -10838.837      291.30200     -46.000000     0.00000000
 0.00000000     0.00000000
 1 0.00000000       0.00
  1.00000      1.00000     0.000000     0.000000     0.000000
 Cu
   4  2    1.0    0.0    0.0
  1358.0200      5194.3820      120.97516     -24.112392     -.26568400E-02
 0.12922300E-06  52478.000
 1 -.58393200E-20   7.00
  3200.0000     -46.930439      173.88373     -31.380000     0.00000000
 0.00000000     0.00000000
 1 0.00000000       0.00
  1.00000      1.00000     0.000000     0.000000     0.000000
   3   1
 C                        Fe                       Cu
 Va
  1.00000      1.00000      1.00000
   1   2   2
  1.00000
   1
   1   2   3
   1   1   1
   1   1   4   4  6.0000000      6.0000000      6.0000000      6.0000000
   2   2   4   4  6.0000000      6.0000000      6.0000000      6.0000000
   3   3   4   4  6.0000000      6.0000000      6.0000000      6.0000000
   1   2   4   4  6.0000000      3.0000000      4.0000000      4.0000000
   3
 G   1   2   4   4   0   0   0   0
 0.00000000       0.00 0.00000000       0.00 0.00000000       0.00
 0.00000000       0.00 0.00000000       0.00 0.00000000       0.00
   0   0 -30459.520      3.1380000     0.00000000     0.00000000
 0.00000000     0.00000000
   3
 G   1   2   4   4   0   1   0   0
 0.00000000       0.00 0.00000000       0.00 0.00000000       0.00
 0.00000000       0.00 0.00000000       0.00 0.00000000       0.00
   0   0 -1129.6800     0.00000000     0.00000000     0.00000000
 0.00000000     0.00000000
   3
 G   1   3   4   4   0   0   0   0
 0.00000000       0.00 0.00000000       0.00 0.00000000       0.00
 0.00000000       0.00 0.00000000       0.00 0.00000000       0.00
   0   0  32635.200     -4.6024000     0.00000000     0.00000000
 0.00000000     0.00000000
   3
 G   1   3   4   4   0   1   0   0
 0.00000000       0.00 0.00000000       0.00 0.00000000       0.00
 0.00000000       0.00 0.00000000       0.00 0.00000000       0.00
   0   0 0.00000000     0.00000000     0.00000000     0.00000000
 0.00000000     0.00000000
   3
 G   1   3   4   4   0   2   0   0
 0.00000000       0.00 0.00000000       0.00 0.00000000       0.00
 0.00000000       0.00 0.00000000       0.00 0.00000000       0.00
   0   0 0.00000000     0.00000000     0.00000000     0.00000000
 0.00000000     0.00000000
   3
 G   2   3   4   4   0   0   0   0
 0.00000000       0.00 0.00000000       0.00 0.00000000       0.00
 0.00000000       0.00 0.00000000       0.00 0.00000000       0.00
   0   0  12552.000     -1.2552000     0.00000000     0.00000000
 0.00000000     0.00000000
   3
 G   2   3   4   4   1   0   0   0
 0.00000000       0.00 0.00000000       0.00 0.00000000       0.00
 0.00000000       0.00 0.00000000       0.00 0.00000000       0.00
   0   0  2719.6000     0.00000000     0.00000000     0.00000000
 0.00000000     0.00000000
   3
 G   2   3   4   4   0   1   0   0
 0.00000000       0.00 0.00000000       0.00 0.00000000       0.00
 0.00000000       0.00 0.00000000       0.00 0.00000000       0.00
   0   0  3556.4000     0.00000000     0.00000000     0.00000000
 0.00000000     0.00000000
   3
 G   1   2   4   4   0   0   1   0
 0.00000000       0.00 0.00000000       0.00 0.00000000       0.00
 0.00000000       0.00 0.00000000       0.00 0.00000000       0.00
   3   0 0.00000000     0.00000000     0.00000000     0.00000000
 0.00000000     0.00000000
   3
 G   2   3   4   4   0   0   1   0
 0.00000000       0.00 0.00000000       0.00 0.00000000       0.00
 0.00000000       0.00 0.00000000       0.00 0.00000000       0.00
   1   0 0.00000000     0.00000000     0.00000000     0.00000000
 0.00000000     0.00000000
   3
 G   1   3   4   4   0   0   1   0
 0.00000000       0.00 0.00000000       0.00 0.00000000       0.00
 0.00000000       0.00 0.00000000       0.00 0.00000000       0.00
   2   0 -16317.600     0.00000000     0.00000000     0.00000000
 0.00000000     0.00000000
   0
 FCC_A1
 SUBLM
 0.333333     0.280000
 Fe
  16  2    0.0    1.0    0.0
  1811.0000     -236.70000      132.41600     -24.664300     -.37575200E-02
 -.58927000E-07  77359.001
 1 0.00000000       0.00
  6000.0000     -27098.266      300.25256     -46.000001     0.00000000
 0.00000000     0.00000000
 1 0.27885400E+32  -9.00
 -201.000     -2.10000
 Cu
  16  2    1.0    0.0    0.0
  1358.0200     -7770.4580      130.48540     -24.112392     -.26568400E-02
 0.12922300E-06  52478.000
 1 0.00000000       0.00
  6000.0000     -13542.330      183.80420     -31.380000     0.00000000
 0.00000000     0.00000000
 1 0.36464300E+30  -9.00
 0.000000     0.000000
 FeC
  16  2    0.0    1.0    1.0
  1811.0000      59601.944      287.26898     -48.964300     -.42298200E-02
 -.58927000E-07  2639959.0
 2 -.26430000E+09  -2.00 0.12000000E+11  -3.00
  6000.0000      32740.378      455.10554     -70.300001     -.47230000E-03
 0.00000000      2562600.0
 3 -.26430000E+09  -2.00 0.12000000E+11  -3.00 0.27885400E+32  -9.00
 0.000000     0.000000
 CuC
  16  2    1.0    0.0    1.0
  1358.0200      101861.24      301.21540     -48.412392     -.31291400E-02
 0.12922300E-06  2615078.0
 2 -.26430000E+09  -2.00 0.12000000E+11  -3.00
  6000.0000      96089.369      354.53420     -55.680000     -.47230000E-03
 0.00000000      2562600.0
 3 -.26430000E+09  -2.00 0.12000000E+11  -3.00 0.36464300E+30  -9.00
 0.000000     0.000000
   2
  1.00000      1.00000
   2   2
 Fe                       Cu
 Va                       C
   1   2   1   2
   1   1   2   2
   0
   3
   1   2   3   3
  35564.000     -2.6359200     0.00000000     0.00000000     0.00000000
 0.00000000
 -1882.8000     0.00000000     0.00000000     0.00000000     0.00000000
 0.00000000
  251.04000      6.0668000     0.00000000     0.00000000     0.00000000
 0.00000000
   3
   1   3   4   1
 -34671.000     0.00000000     0.00000000     0.00000000     0.00000000
 0.00000000
   0
 FCC_A1
 SUBLM
 0.333333     0.280000
 Fe
  16  2    0.0    1.0    0.0
  1811.0000     -236.70000      132.41600     -24.664300     -.37575200E-02
 -.58927000E-07  77359.001
 1 0.00000000       0.00
  6000.0000     -27098.266      300.25256     -46.000001     0.00000000
 0.00000000     0.00000000
 1 0.27885400E+32  -9.00
 -201.000     -2.10000
 Cu
  16  2    1.0    0.0    0.0
  1358.0200     -7770.4580      130.48540     -24.112392     -.26568400E-02
 0.12922300E-06  52478.000
 1 0.00000000       0.00
  6000.0000     -13542.330      183.80420     -31.380000     0.00000000
 0.00000000     0.00000000
 1 0.36464300E+30  -9.00
 0.000000     0.000000
 FeC
  16  2    0.0    1.0    1.0
  1811.0000      59601.944      287.26898     -48.964300     -.42298200E-02
 -.58927000E-07  2639959.0
 2 -.26430000E+09  -2.00 0.12000000E+11  -3.00
  6000.0000      32740.378      455.10554     -70.300001     -.47230000E-03
 0.00000000      2562600.0
 3 -.26430000E+09  -2.00 0.12000000E+11  -3.00 0.27885400E+32  -9.00
 0.000000     0.000000
 CuC
  16  2    1.0    0.0    1.0
  1358.0200      101861.24      301.21540     -48.412392     -.31291400E-02
 0.12922300E-06  2615078.0
 2 -.26430000E+09  -2.00 0.12000000E+11  -3.00
  6000.0000      96089.369      354.53420     -55.680000     -.47230000E-03
 0.00000000      2562600.0
 3 -.26430000E+09  -2.00 0.12000000E+11  -3.00 0.36464300E+30  -9.00
 0.000000     0.000000
   2
  1.00000      1.00000
   2   2
 Fe                       Cu
 Va                       C
   1   2   1   2
   1   1   2   2
   0
   3
   1   2   3   3
  35564.000     -2.6359200     0.00000000     0.00000000     0.00000000
 0.00000000
 -1882.8000     0.00000000     0.00000000     0.00000000     0.00000000
 0.00000000
  251.04000      6.0668000     0.00000000     0.00000000     0.00000000
 0.00000000
   3
   1   3   4   1
 -34671.000     0.00000000     0.00000000     0.00000000     0.00000000
 0.00000000
   0
 BCC_A2
 SUBLM
  1.00000     0.400000
 Fe
  16  2    0.0    1.0    0.0
  1811.0000      1225.7000      124.13400     -23.514300     -.43975200E-02
 -.58927000E-07  77359.001
 1 0.00000000       0.00
  6000.0000     -25383.581      299.31254     -46.000001     0.00000000
 0.00000000     0.00000000
 1 0.22960300E+32  -9.00
  1043.00      2.22000
 FeC3
  16  2    0.0    1.0    3.0
  1811.0000      271170.73      711.99107     -96.414300     -.58144200E-02
 -.58927000E-07  7765159.0
 2 -.79290000E+09  -2.00 0.36000000E+11  -3.00
  6000.0000      244561.45      887.16962     -118.90000     -.14169000E-02
 0.00000000      7687800.0
 3 -.79290000E+09  -2.00 0.36000000E+11  -3.00 0.22960300E+32  -9.00
 0.000000     0.000000
 Cu
  16  2    1.0    0.0    0.0
  1357.7700     -3753.4580      129.23023     -24.112392     -.26568400E-02
 0.12923300E-06  52478.000
 1 0.00000000       0.00
  6000.0000     -9525.0769      182.54888     -31.380000     0.00000000
 0.00000000     0.00000000
 1 0.36416700E+30  -9.00
 0.000000     0.000000
 CuC3
  16  2    1.0    0.0    3.0
  1358.0200      67124.360      642.67540     -97.012392     -.40737400E-02
 0.12922300E-06  7740278.0
 2 -.79290000E+09  -2.00 0.36000000E+11  -3.00
  6000.0000      61352.487      695.99419     -104.28000     -.14169000E-02
 0.00000000      7687800.0
 3 -.79290000E+09  -2.00 0.36000000E+11  -3.00 0.36464300E+30  -9.00
 0.000000     0.000000
   2
  1.00000      3.00000
   2   2
 Fe                       Cu
 Va                       C
   1   1   2   2
   1   2   1   2
   3
   1   2   3   1
 -41.400000     0.00000000
   0
   3
   1   2   3   3
  36149.760     -2.7196000     0.00000000     0.00000000     0.00000000
 0.00000000
 -1673.6000     0.00000000     0.00000000     0.00000000     0.00000000
 0.00000000
  292.88000      4.6024000     0.00000000     0.00000000     0.00000000
 0.00000000
   3
   1   3   4   1
 0.00000000     -190.00000     0.00000000     0.00000000     0.00000000
 0.00000000
   0
 BCC_A2
 SUBLM
  1.00000     0.400000
 Fe
  16  2    0.0    1.0    0.0
  1811.0000      1225.7000      124.13400     -23.514300     -.43975200E-02
 -.58927000E-07  77359.001
 1 0.00000000       0.00
  6000.0000     -25383.581      299.31254     -46.000001     0.00000000
 0.00000000     0.00000000
 1 0.22960300E+32  -9.00
  1043.00      2.22000
 FeC3
  16  2    0.0    1.0    3.0
  1811.0000      271170.73      711.99107     -96.414300     -.58144200E-02
 -.58927000E-07  7765159.0
 2 -.79290000E+09  -2.00 0.36000000E+11  -3.00
  6000.0000      244561.45      887.16962     -118.90000     -.14169000E-02
 0.00000000      7687800.0
 3 -.79290000E+09  -2.00 0.36000000E+11  -3.00 0.22960300E+32  -9.00
 0.000000     0.000000
 Cu
  16  2    1.0    0.0    0.0
  1357.7700     -3753.4580      129.23023     -24.112392     -.26568400E-02
 0.12923300E-06  52478.000
 1 0.00000000       0.00
  6000.0000     -9525.0769      182.54888     -31.380000     0.00000000
 0.00000000     0.00000000
 1 0.36416700E+30  -9.00
 0.000000     0.000000
 CuC3
  16  2    1.0    0.0    3.0
  1358.0200      67124.360      642.67540     -97.012392     -.40737400E-02
 0.12922300E-06  7740278.0
 2 -.79290000E+09  -2.00 0.36000000E+11  -3.00
  6000.0000      61352.487      695.99419     -104.28000     -.14169000E-02
 0.00000000      7687800.0
 3 -.79290000E+09  -2.00 0.36000000E+11  -3.00 0.36464300E+30  -9.00
 0.000000     0.000000
   2
  1.00000      3.00000
   2   2
 Fe                       Cu
 Va                       C
   1   1   2   2
   1   2   1   2
   3
   1   2   3   1
 -41.400000     0.00000000
   0
   3
   1   2   3   3
  36149.760     -2.7196000     0.00000000     0.00000000     0.00000000
 0.00000000
 -1673.6000     0.00000000     0.00000000     0.00000000     0.00000000
 0.00000000
  292.88000      4.6024000     0.00000000     0.00000000     0.00000000
 0.00000000
   3
   1   3   4   1
 0.00000000     -190.00000     0.00000000     0.00000000     0.00000000
 0.00000000
   0
 C_GRAPHITE(s)
   4  2    0.0    0.0    1.0
  6000.0000     -17368.441      170.73000     -24.300000     -.47230000E-03
 0.00000000      2562600.0
 2 -.26430000E+09  -2.00 0.12000000E+11  -3.00
  6001.0000     -32728.027      218.65585     -29.832464     0.00000000
 0.00000000     0.00000000
 1 0.00000000       0.00
 Fe                      #
   4  1    0.0    1.0    0.0
  6001.0000     0.00000000     0.00000000     0.00000000     0.00000000
 0.00000000     0.00000000
 1 0.00000000       0.00
 Cu                      #
   4  1    1.0    0.0    0.0
  6001.0000     0.00000000     0.00000000     0.00000000     0.00000000
 0.00000000     0.00000000
 1 0.00000000       0.00
 C                       #
   4  1    0.0    0.0    1.0
  6001.0000     0.00000000     0.00000000     0.00000000     0.00000000
 0.00000000     0.00000000
 1 0.00000000       0.00
