 System U-Cl-Na-Li
    4    2    0   84   16
 U                        Cl                       Na
 Li
   238.02891000              35.45300000              22.98976928
     6.94100000
   6   1   2   3   4   5   6
   6   1   2   3   4   5   6
 MSsoln
 SUBQ
  14  22
 NaCl                        
   4  2           0.00000    1.00000    1.00000    0.00000
  1500.1000     -417806.54      442.50914     -77.763800     0.37656000E-02
     0.00000000     0.00000000
 1     0.00000000   0.00
  4407.1001     -409332.81      359.88689     -66.466247         0.00000000
     0.00000000     0.00000000
 1     0.00000000   0.00
  1.00000      1.00000         0.000000     0.000000     0.000000
  2.40000
 UCl3(CN:VI)                  
   4  1           1.00000    3.00000    0.00000    0.00000
  4407.1001     -853857.16      860.53262     -150.00000         0.00000000
     0.00000000     0.00000000
 1     0.00000000   0.00
  1.00000      3.00000         0.000000     0.000000     0.000000
  2.40000
 Na                          
   4  2           0.00000    0.00000    1.00000    0.00000
  1600.1000      3374.8294     -179.20949      3.8495330     -.15066806E-02
 -.68646169E-06     0.00000000
 2 -7794.4359      99.00  4241.1425       0.50
  4407.1001      8209.2053      67.022500     -21.000000         0.00000000
     0.00000000     0.00000000
 1     0.00000000   0.00
  1.00000      1.00000         0.000000     0.000000     0.000000
  2.40000
 U(3+)(CN:VI)//Va            
   4  1           1.00000    0.00000    0.00000    0.00000
  4407.1001     -10132.734      281.66483     -48.659920         0.00000000
     0.00000000     0.00000000
 1     0.00000000   0.00
  1.00000      3.00000         0.000000     0.000000     0.000000
  2.40000
 LiCl                         
   4  2           0.00000    1.00000    0.00000    1.00000
  2000.1000     -417234.48      422.38942     -73.383200     0.47363000E-02
     0.00000000     0.00000000
 1     0.00000000   0.00
  4407.1001     -398287.38      278.38066     -54.437053         0.00000000
     0.00000000     0.00000000
 1     0.00000000   0.00
  1.00000      1.00000         0.000000     0.000000     0.000000
  2.40000
 Li                           
   4  4           0.00000    0.00000    0.00000    1.00000
  700.00000     -7187.7994      185.16404     -32.969960     0.28552237E-02
     0.00000000 -1445.9295
 1     0.00000000   0.00
  1620.1200     -194210.20      771.65830     -88.196822     0.36244805E-02
     0.00000000  2933135.1
 2  56151.037      99.00 -12952.306       0.50
  2200.0000      1145564.7     -598.65794      33.815565         0.00000000
     0.00000000 -41748108.
 2 -249852.86      99.00  29729.538       0.50
  4407.1001     -4946.2430      153.70551     -28.325205         0.00000000
     0.00000000     0.00000000
 1     0.00000000   0.00
  1.00000      1.00000         0.000000     0.000000     0.000000
  2.40000
 U(4+)(CN:VI)//Va            
   4  1           1.00000    0.00000    0.00000    0.00000
  4407.1001     -10132.734      281.66483     -48.659920         0.00000000
     0.00000000     0.00000000
 1     0.00000000   0.00
  1.00000      4.00000         0.000000     0.000000     0.000000
  2.40000
 UCl4(CN:VI)                 
   4  1           1.00000    4.00000    0.00000    0.00000
  4407.1001     -988338.24      871.06660     -162.43900         0.00000000
     0.00000000     0.00000000
 1     0.00000000   0.00
  1.00000      4.00000         0.000000     0.000000     0.000000
  2.40000
 U2(CN:IX)//Va               
   4  1           2.00000    0.00000    0.00000    0.00000
  4407.1001     -20265.467      563.32965     -97.319840         0.00000000
     0.00000000     0.00000000
 1     0.00000000   0.00
  1.00000      8.00000         0.000000     0.000000     0.000000
  2.40000
 U2Cl8(CN:IX)                
   4  1           2.00000    8.00000    0.00000    0.00000
  4407.1001     -2076650.6      1741.9004     -324.84800         0.00000000
     0.00000000     0.00000000
 1     0.00000000   0.00
  1.00000      8.00000         0.000000     0.000000     0.000000
  2.40000
 UCl3(CN:VII)                 
   4  1           1.00000    3.00000    0.00000    0.00000
  4407.1001     -893857.16      853.03262     -150.00000         0.00000000
     0.00000000     0.00000000
 1     0.00000000   0.00
  1.00000      3.00000         0.000000     0.000000     0.000000
  2.40000
 U(3+)(CN:VII)//Va           
   4  1           1.00000    0.00000    0.00000    0.00000
  4407.1001     -10132.734      281.66483     -48.659920         0.00000000
     0.00000000     0.00000000
 1     0.00000000   0.00
  1.00000      3.00000         0.000000     0.000000     0.000000
  2.40000
 UCl4(CN:V)                  
   4  1           1.00000    4.00000    0.00000    0.00000
  4407.1001     -988338.24      871.06660     -162.43900         0.00000000
     0.00000000     0.00000000
 1     0.00000000   0.00
  1.00000      4.00000         0.000000     0.000000     0.000000
  2.40000
 U(4+)(CN:V)//Va             
   4  1           1.00000    0.00000    0.00000    0.00000
  4407.1001     -10132.734      281.66483     -48.659920         0.00000000
     0.00000000     0.00000000
 1     0.00000000   0.00
  1.00000      4.00000         0.000000     0.000000     0.000000
  2.40000
   7   2
 Na                       U            Li
 U            U2            UY
 UX
 Cl                       Va
  1.00000      3.00000      1.00000      4.00000      8.00000      3.00000
  4.00000
   1   2   1   2   2   2   2
  1.00000      1.00000
   1   1
   1   2   1   2   3   3   4   4   5   5   6   6   7   7
   1   1   2   2   1   2   2   1   2   1   1   2   1   2
   1   1   8   8  6.0000000      6.0000000      6.0000000      6.0000000
   2   2   8   8  6.0000000      6.0000000      2.0000000      2.0000000
   1   1   9   9  6.0000000      6.0000000      6.0000000      6.0000000
   2   2   9   9  6.0000000      6.0000000      2.0000000      2.0000000
   3   3   8   8  6.0000000      6.0000000      6.0000000      6.0000000
   3   3   9   9  6.0000000      6.0000000      6.0000000      6.0000000
   4   4   9   9  6.0000000      6.0000000      1.5000000      1.5000000
   4   4   8   8  6.0000000      6.0000000      1.5000000      1.5000000
   5   5   9   9  6.0000000      6.0000000     0.75000000     0.75000000
   5   5   8   8  6.0000000      6.0000000     0.75000000     0.75000000
   6   6   8   8  6.0000000      6.0000000      2.0000000      2.0000000
   6   6   9   9  6.0000000      6.0000000      2.0000000      2.0000000
   7   7   8   8  6.0000000      6.0000000      1.5000000      1.5000000
   7   7   9   9  6.0000000      6.0000000      1.5000000      1.5000000
   1   2   8   8  2.0000000      6.0000000      2.0000000      2.0000000
   1   6   8   8  6.0000000      6.0000000      3.0000000      3.0000000
   3   6   8   8  6.0000000      6.0000000      3.0000000      3.0000000
   2   3   8   8  6.0000000      2.0000000      2.0000000      2.0000000
   1   4   8   8  3.0000000      6.0000000      2.0000000      2.0000000
   1   7   8   8  6.0000000      6.0000000      2.4000000      2.4000000
   3   4   8   8  3.0000000      6.0000000      2.0000000      2.0000000
   3   7   8   8  6.0000000      6.0000000      2.4000000      2.4000000
   3
 G   1   3   8   8   0   0   0   0
     0.00000000   1.00     0.00000000   1.00     0.00000000   1.00
     0.00000000   0.00     0.00000000   0.00     0.00000000   0.00
   0   0 -1562.0000         0.00000000     0.00000000     0.00000000
     0.00000000     0.00000000
   3
 G   2   3   8   8   0   0   0   0
     0.00000000   1.00     0.00000000   1.00     0.00000000   1.00
     0.00000000   0.00     0.00000000   0.00     0.00000000   0.00
   0   0     0.00000000     0.00000000     0.00000000     0.00000000
     0.00000000     0.00000000
   3
 G   1   6   8   8   0   0   0   0
     0.00000000   1.00     0.00000000   1.00     0.00000000   1.00
     0.00000000   0.00     0.00000000   0.00     0.00000000   0.00
   0   0 -10450.000      7.0000000         0.00000000     0.00000000
     0.00000000     0.00000000
   3
 G   1   2   8   8   0   0   0   0
     0.00000000   1.00     0.00000000   1.00     0.00000000   1.00
     0.00000000   0.00     0.00000000   0.00     0.00000000   0.00
   0   0 -23400.000         0.00000000     0.00000000     0.00000000
     0.00000000     0.00000000
   3
 G   1   6   8   8   0   1   0   0
     0.00000000   1.00     0.00000000   1.00     0.00000000   1.00
     0.00000000   0.00     0.00000000   0.00     0.00000000   0.00
   0   0     0.00000000     0.00000000     0.00000000     0.00000000
     0.00000000     0.00000000
   3
 G   1   6   8   8   1   0   0   0
     0.00000000   1.00     0.00000000   1.00     0.00000000   1.00
     0.00000000   0.00     0.00000000   0.00     0.00000000   0.00
   0   0     0.00000000     0.00000000     0.00000000     0.00000000
     0.00000000     0.00000000
   3
 G   3   6   8   8   0   0   0   0
     0.00000000   1.00     0.00000000   1.00     0.00000000   1.00
     0.00000000   0.00     0.00000000   0.00     0.00000000   0.00
   0   0 -2600.0000         0.00000000     0.00000000     0.00000000
     0.00000000     0.00000000
   3
 G   3   6   8   8   0   1   0   0
     0.00000000   1.00     0.00000000   1.00     0.00000000   1.00
     0.00000000   0.00     0.00000000   0.00     0.00000000   0.00
   0   0  1800.0000         0.00000000     0.00000000     0.00000000
     0.00000000     0.00000000
   3
 G   5   6   8   8   0   0   0   0
     0.00000000   1.00     0.00000000   1.00     0.00000000   1.00
     0.00000000   0.00     0.00000000   0.00     0.00000000   0.00
   0   0 -3300.0000         0.00000000     0.00000000     0.00000000
     0.00000000     0.00000000
   3
 G   5   6   8   8   0   1   0   0
     0.00000000   1.00     0.00000000   1.00     0.00000000   1.00
     0.00000000   0.00     0.00000000   0.00     0.00000000   0.00
   0   0 -2600.0000         0.00000000     0.00000000     0.00000000
     0.00000000     0.00000000
   3
 G   1   4   8   8   0   0   0   0
     0.00000000   1.00     0.00000000   1.00     0.00000000   1.00
     0.00000000   0.00     0.00000000   0.00     0.00000000   0.00
   0   0 -39200.000         0.00000000     0.00000000     0.00000000
     0.00000000     0.00000000
   3
 G   1   7   8   8   0   0   0   0
     0.00000000   1.00     0.00000000   1.00     0.00000000   1.00
     0.00000000   0.00     0.00000000   0.00     0.00000000   0.00
   0   0 -33400.000         0.00000000     0.00000000     0.00000000
     0.00000000     0.00000000
   3
 G   1   5   8   8   0   0   0   0
     0.00000000   1.00     0.00000000   1.00     0.00000000   1.00
     0.00000000   0.00     0.00000000   0.00     0.00000000   0.00
   0   0 -16500.000         0.00000000     0.00000000     0.00000000
     0.00000000     0.00000000
   3
 G   1   4   8   8   1   0   0   0
     0.00000000   1.00     0.00000000   1.00     0.00000000   1.00
     0.00000000   0.00     0.00000000   0.00     0.00000000   0.00
   0   0     0.00000000  5.0000000         0.00000000     0.00000000
     0.00000000     0.00000000
   3
 G   3   7   8   8   0   0   0   0
     0.00000000   1.00     0.00000000   1.00     0.00000000   1.00
     0.00000000   0.00     0.00000000   0.00     0.00000000   0.00
   0   0 -26200.000         0.00000000     0.00000000     0.00000000
     0.00000000     0.00000000
   3
 G   3   5   8   8   0   0   0   0
     0.00000000   1.00     0.00000000   1.00     0.00000000   1.00
     0.00000000   0.00     0.00000000   0.00     0.00000000   0.00
   0   0 -8200.0000         0.00000000     0.00000000     0.00000000
     0.00000000     0.00000000
   3
 G   3   7   8   8   1   0   0   0
     0.00000000   1.00     0.00000000   1.00     0.00000000   1.00
     0.00000000   0.00     0.00000000   0.00     0.00000000   0.00
   0   0 -1500.0000      5.0000000         0.00000000     0.00000000
     0.00000000     0.00000000
  0
 Li_solid(s)
   4  3           0.00000    0.00000    0.00000    1.00000
  453.69000     -3853.5254      46.068939     -9.6044006     -.20498280E-01
     0.00000000 -124058.57
 1     0.00000000   0.00
  1000.0000     -1525604.3      6985.0554     -704.44799     0.50410253E-01
     0.00000000  19563982.
 2  491701.07      99.00 -129758.32       0.50
  1001.0000     -7248.2179      157.16855     -28.000000         0.00000000
     0.00000000     0.00000000
 1     0.00000000   0.00
 Na_solid(s)
   4  3           0.00000    0.00000    1.00000    0.00000
  370.98000     -59594.506     -608.12041      83.612083     -.96523427E-01
     0.00000000     0.00000000
 1  16166.384      99.00
  1000.0000     -460367.57      2193.6121     -233.40572     0.14936660E-01
     0.00000000  5806510.7
 2  145943.73      99.00 -38503.267       0.50
  1001.0000      2124.2258      75.180129     -21.000000         0.00000000
     0.00000000     0.00000000
 1     0.00000000   0.00
 LiCl_S1(s)
   4  2           0.00000    1.00000    0.00000    1.00000
  2000.0000     -421654.91      225.07303     -41.417400     -.11698450E-01
     0.00000000     0.00000000
 1     0.00000000   0.00
  2000.0000     -468448.71      580.74814     -88.211200         0.00000000
     0.00000000     0.00000000
 1     0.00000000   0.00
 NaCl_S1(s)
   4  2           0.00000    1.00000    1.00000    0.00000
  1500.0000     -425542.29      240.42080     -45.940000     -.81590000E-02
     0.00000000     0.00000000
 1     0.00000000   0.00
  1500.0000     -443900.04      419.42650     -70.417000         0.00000000
     0.00000000     0.00000000
 1     0.00000000   0.00
 U_Solid-A(s)
   4  2           1.00000    0.00000    0.00000    0.00000
  942.00000     -8407.7857      130.87411     -26.919856     0.12510160E-02
 -.44263233E-05  38492.800
 1     0.00000000   0.00
  5000.0000     -17115.788      247.03511     -42.927840         0.00000000
     0.00000000     0.00000000
 1     0.00000000   0.00
 U_Solid-B(s2)
   4  3           1.00000    0.00000    0.00000    0.00000
  942.00000     -5617.0577      127.91156     -26.919856     0.12510160E-02
 -.44263233E-05  38492.800
 1     0.00000000   0.00
  1049.0000     -14325.060      244.07256     -42.927840         0.00000000
     0.00000000     0.00000000
 1     0.00000000   0.00
  5000.0000     -9453.2520      207.12487     -38.283600         0.00000000
     0.00000000     0.00000000
 1     0.00000000   0.00
 U_Solid-C(s3)
   4  2           1.00000    0.00000    0.00000    0.00000
  1049.0000     -9567.8517      239.53756     -42.927840         0.00000000
     0.00000000     0.00000000
 1     0.00000000   0.00
  1405.0000     -4696.0440      202.58988     -38.283600         0.00000000
     0.00000000     0.00000000
 1     0.00000000   0.00
 UCl3_S1(s)
   4  2           1.00000    3.00000    0.00000    0.00000
  2000.0000     -889717.64      430.40866     -87.780000     -.15560000E-01
     0.00000000 -229150.00
 1     0.00000000   0.00
  2000.0000     -952415.94      904.53157     -150.13457         0.00000000
     0.00000000     0.00000000
 1     0.00000000   0.00
 UCl4_S1(s)
   4  2           1.00000    4.00000    0.00000    0.00000
  863.00000     -1058212.4      602.34237     -117.23600     -.16632500E-01
     0.00000000  384461.00
 1     0.00000000   0.00
  863.00005     -1068817.8      787.89000     -144.91126         0.00000000
     0.00000000     0.00000000
 1     0.00000000   0.00
 U2Cl8_S1(s)
   4  2           2.00000    8.00000    0.00000    0.00000
  863.00000     -2116424.8      1204.6847     -234.47200     -.33265000E-01
     0.00000000  768922.00
 1     0.00000000   0.00
  863.00005     -2137635.6      1575.7800     -289.82253         0.00000000
     0.00000000     0.00000000
 1     0.00000000   0.00
 UCl6Li2_S1(s)
   4  3           1.00000    6.00000    0.00000    2.00000
  863.00000     -1929757.8      1072.1705     -200.07080     -.40000000E-01
     0.00000000  384461.00
 1     0.00000000   0.00
  2000.0000     -1940385.1      1257.7689     -227.74606     -.23396900E-01
     0.00000000     0.00000000
 1     0.00000000   0.00
  2000.0000     -2033972.7      1969.1191     -321.33366         0.00000000
     0.00000000     0.00000000
 1     0.00000000   0.00
 UCl6Na2_S1(s)
   4  3           1.00000    6.00000    2.00000    0.00000
  863.00000     -1946839.5      1081.7463     -210.00000     -.20000000E-01
     0.00000000  384461.00
 1     0.00000000   0.00
  1500.0000     -1966327.2      1282.7863     -236.79126     -.16318000E-01
     0.00000000     0.00000000
 1     0.00000000   0.00
  1500.0000     -2003042.7      1640.7976     -285.74526         0.00000000
     0.00000000     0.00000000
 1     0.00000000   0.00
 Li_solid(s)             
   4  3           0.00000    0.00000    0.00000    1.00000
  453.69000     -3853.5254      46.068939     -9.6044006     -.20498280E-01
     0.00000000 -124058.57
 1     0.00000000   0.00
  1000.0000     -1525604.3      6985.0554     -704.44799     0.50410253E-01
     0.00000000  19563982.
 2  491701.07      99.00 -129758.32       0.50
  1001.0000     -7248.2179      157.16855     -28.000000         0.00000000
     0.00000000     0.00000000
 1     0.00000000   0.00
 Na_solid(s)             
   4  3           0.00000    0.00000    1.00000    0.00000
  370.98000     -59594.506     -608.12041      83.612083     -.96523427E-01
     0.00000000     0.00000000
 1  16166.384      99.00
  1000.0000     -460367.57      2193.6121     -233.40572     0.14936660E-01
     0.00000000  5806510.7
 2  145943.73      99.00 -38503.267       0.50
  1001.0000      2124.2258      75.180129     -21.000000         0.00000000
     0.00000000     0.00000000
 1     0.00000000   0.00
 Cl2(g)                  
   4  4           0.00000    2.00000    0.00000    0.00000
  1600.0000      12809.016     -120.39923     -20.680767         0.00000000
     0.00000000 -158356.65
 3 -.25474356       1.50  2365.0449       0.50 -8299.3704      99.00
  3800.0000      13434169.     -55196.104      6062.5675     0.18893144
 -.48495258E-06 -.25706483E+09
 3 -100.31370       1.50  952147.59       0.50 -3941479.6      99.00
  6000.0000      29413795.     -19700.928      1734.5976         0.00000000
     0.00000000 -.14098302E+10
 3 -8.2020644       1.50  692726.84       0.50 -6110513.9      99.00
  6000.0000     -1966.4883      27.523866     -37.570456         0.00000000
     0.00000000     0.00000000
 1     0.00000000   0.00
 U_Solid-A(s)            
   4  2           1.00000    0.00000    0.00000    0.00000
  942.00000     -8407.7857      130.87411     -26.919856     0.12510160E-02
 -.44263233E-05  38492.800
 1     0.00000000   0.00
  5000.0000     -17115.788      247.03511     -42.927840         0.00000000
     0.00000000     0.00000000
 1     0.00000000   0.00
