System Ni-K-Na-F-Li
    5    4    0    3    3    3   21
 Ni                       K                        Na
 F                        Li
    58.69340000              39.09830000              22.98976928
    18.99840320               6.94100000
   6   1   2   3   4   5   6
   6   1   2   3   4   5   6
 Liquid2
 SUBG
  2.40000
   2   3
 KF
   4  1           0.00000    1.00000    0.00000    1.00000    0.00000
  2000.0000     -575830.76      414.22351     -71.965001         0.00000000
     0.00000000     0.00000000
 1     0.00000000   0.00
  1.00000      1.00000         0.000000     0.000000     0.000000
 NiF2
   4  1           1.00000    0.00000    0.00000    2.00000    0.00000
  2000.0000     -645940.71      595.19157     -99.999985         0.00000000
     0.00000000     0.00000000
 1     0.00000000   0.00
  1.00000      2.00000         0.000000     0.000000     0.000000
   2   1
 K                        Ni
 F
  1.00000      2.00000
   1   2
  1.00000
   1
   1   2
   1   1
   1   1   3   3  6.0000000      6.0000000      6.0000000      6.0000000
   2   2   3   3  6.0000000      6.0000000      3.0000000      3.0000000
   1   2   3   3  3.0000000      6.0000000      3.0000000      3.0000000
   3
 G   1   2   3   3   0   0   0   0
     0.00000000   1.00     0.00000000   1.00     0.00000000   1.00
     0.00000000   0.00     0.00000000   0.00     0.00000000   0.00
   0   0 -17573.000         0.00000000     0.00000000     0.00000000
     0.00000000     0.00000000
   3
 G   1   2   3   3   1   0   0   0
     0.00000000   1.00     0.00000000   1.00     0.00000000   1.00
     0.00000000   0.00     0.00000000   0.00     0.00000000   0.00
   0   0     0.00000000     0.00000000     0.00000000     0.00000000
     0.00000000     0.00000000
   3
 G   1   2   3   3   0   1   0   0
     0.00000000   1.00     0.00000000   1.00     0.00000000   1.00
     0.00000000   0.00     0.00000000   0.00     0.00000000   0.00
   0   0 -15899.000         0.00000000     0.00000000     0.00000000
     0.00000000     0.00000000
   0
 Liquid1
 SUBG
  2.40000
   2   3
 NaF
   4  1           0.00000    0.00000    1.00000    1.00000    0.00000
  2000.0000     -579464.84      435.49310     -72.898999         0.00000000
     0.00000000     0.00000000
 1     0.00000000   0.00
  1.00000      1.00000         0.000000     0.000000     0.000000
 NiF2
   4  1           1.00000    0.00000    0.00000    2.00000    0.00000
  2000.0000     -645940.71      595.19157     -99.999985         0.00000000
     0.00000000     0.00000000
 1     0.00000000   0.00
  1.00000      2.00000         0.000000     0.000000     0.000000
   2   1
 Na                       Ni
 F
  1.00000      2.00000
   1   2
  1.00000
   1
   1   2
   1   1
   1   1   3   3  6.0000000      6.0000000      6.0000000      6.0000000
   2   2   3   3  6.0000000      6.0000000      3.0000000      3.0000000
   1   2   3   3  2.0000000      6.0000000      2.4000000      2.4000000
   3
 G   1   2   3   3   0   0   0   0
     0.00000000   1.00     0.00000000   1.00     0.00000000   1.00
     0.00000000   0.00     0.00000000   0.00     0.00000000   0.00
   0   0 -18410.000         0.00000000     0.00000000     0.00000000
     0.00000000     0.00000000
   3
 G   1   2   3   3   1   0   0   0
     0.00000000   1.00     0.00000000   1.00     0.00000000   1.00
     0.00000000   0.00     0.00000000   0.00     0.00000000   0.00
   0   0     0.00000000     0.00000000     0.00000000     0.00000000
     0.00000000     0.00000000
   3
 G   1   2   3   3   0   1   0   0
     0.00000000   1.00     0.00000000   1.00     0.00000000   1.00
     0.00000000   0.00     0.00000000   0.00     0.00000000   0.00
   0   0 -18828.000         0.00000000     0.00000000     0.00000000
     0.00000000     0.00000000
   0
 Liquid
 SUBG
  2.40000
   2   3
 LiF
   4  1           0.00000    0.00000    0.00000    1.00000    1.00000
  2000.0000     -617790.20      386.90980     -64.182999         0.00000000
     0.00000000     0.00000000
 1     0.00000000   0.00
  1.00000      1.00000         0.000000     0.000000     0.000000
 NiF2
   4  1           1.00000    0.00000    0.00000    2.00000    0.00000
  2000.0000     -645940.71      595.19157     -99.999985         0.00000000
     0.00000000     0.00000000
 1     0.00000000   0.00
  1.00000      2.00000         0.000000     0.000000     0.000000
   2   1
 K                        Ni
 F
  1.00000      2.00000
   1   2
  1.00000
   1
   1   2
   1   1
   1   1   3   3  6.0000000      6.0000000      6.0000000      6.0000000
   2   2   3   3  6.0000000      6.0000000      3.0000000      3.0000000
   1   2   3   3  2.0000000      6.0000000      2.4000000      2.4000000
   3
 G   1   2   3   3   0   0   0   0
     0.00000000   1.00     0.00000000   1.00     0.00000000   1.00
     0.00000000   0.00     0.00000000   0.00     0.00000000   0.00
   0   0 -2929.0000         0.00000000     0.00000000     0.00000000
     0.00000000     0.00000000
   3
 G   1   2   3   3   1   0   0   0
     0.00000000   1.00     0.00000000   1.00     0.00000000   1.00
     0.00000000   0.00     0.00000000   0.00     0.00000000   0.00
   0   0 -2092.0000         0.00000000     0.00000000     0.00000000
     0.00000000     0.00000000
   3
 G   1   2   3   3   0   1   0   0
     0.00000000   1.00     0.00000000   1.00     0.00000000   1.00
     0.00000000   0.00     0.00000000   0.00     0.00000000   0.00
   0   0 -12134.000         0.00000000     0.00000000     0.00000000
     0.00000000     0.00000000
   0
 LiF_L1(liq)
   4  1           0.00000    0.00000    0.00000    1.00000    1.00000
  6000.0000     -617790.16      386.90985     -64.183000         0.00000000
     0.00000000     0.00000000
 1     0.00000000   0.00
 NaF_L1(liq)
   4  1           0.00000    0.00000    1.00000    1.00000    0.00000
  6000.0000     -579491.67      436.09589     -72.989000         0.00000000
     0.00000000     0.00000000
 1     0.00000000   0.00
 KF_L1(liq)
   4  1           0.00000    1.00000    0.00000    1.00000    0.00000
  6000.0000     -575830.76      414.22355     -71.965000         0.00000000
     0.00000000     0.00000000
 1     0.00000000   0.00
 NiF2_L1(liq)
   4  1           1.00000    0.00000    0.00000    2.00000    0.00000
  6000.0000     -645970.00      595.25967     -100.00000         0.00000000
     0.00000000     0.00000000
 1     0.00000000   0.00
 LiF_S1(s)
   4  2           0.00000    0.00000    0.00000    1.00000    1.00000
  6000.0000     -632481.82      262.49310     -43.309000     -.81560000E-02
 -.84116667E-07  284550.00
 1     0.00000000   0.00
  6000.0000     -998584.92      1280.9186     -159.33439         0.00000000
     0.00000000     0.00000000
 1     0.00000000   0.00
 NaF_S1(s)
   4  2           0.00000    0.00000    1.00000    1.00000    0.00000
  6000.0000     -593065.52      274.81772     -47.630000     -.73950000E-02
     0.00000000  232150.00
 1     0.00000000   0.00
  6000.0000     -859130.75      1046.6811     -136.35710         0.00000000
     0.00000000     0.00000000
 1     0.00000000   0.00
 KF_S1(s)
   4  2           0.00000    1.00000    0.00000    1.00000    0.00000
  6000.0000     -589729.49      384.19527     -68.757414     0.28878441E-01
 -.12567476E-04  383359.17
 1 0.19904689E-08   4.00
  6000.0000      12808680.     -25980.889      2722.5258         0.00000000
     0.00000000     0.00000000
 1     0.00000000   0.00
 NiF2_S1(s)
   4  2           1.00000    0.00000    0.00000    2.00000    0.00000
  6000.0000     -679565.10      373.23082     -65.505000     -.76885000E-02
     0.00000000  305801.50
 1     0.00000000   0.00
  6000.0000     -956147.23      1175.6922     -157.75001         0.00000000
     0.00000000     0.00000000
 1     0.00000000   0.00
 NiF4Li2_S1(s)
   4  2           1.00000    0.00000    0.00000    4.00000    2.00000
  6000.0000     -1948916.7      899.05701     -152.12300     -.24000500E-01
 -.16823333E-06  874901.50
 1     0.00000000   0.00
  6000.0000     -2957705.1      3738.3693     -476.41879         0.00000000
     0.00000000     0.00000000
 1     0.00000000   0.00
 NiNaF3_S1(s)
   4  2           1.00000    0.00000    1.00000    3.00000    0.00000
  6000.0000     -1290180.6      638.77854     -113.13500     -.15083500E-01
     0.00000000  537951.50
 1     0.00000000   0.00
  6000.0000     -1832828.0      2213.1033     -294.10711         0.00000000
     0.00000000     0.00000000
 1     0.00000000   0.00
 NiKF3_S1(s)
   4  2           1.00000    1.00000    0.00000    3.00000    0.00000
  6000.0000     -1292388.6      743.49308     -134.26241     0.21189941E-01
 -.12567476E-04  689160.67
 1 0.19904689E-08   4.00
  6000.0000      11829439.     -24819.130      2564.7758         0.00000000
     0.00000000     0.00000000
 1     0.00000000   0.00
 NiK2F4_S1(s)
   4  2           1.00000    2.00000    0.00000    4.00000    0.00000
  6000.0000     -1891012.1      1129.2353     -203.01983     0.50068382E-01
 -.25134952E-04  1072519.8
 1 0.39809378E-08   4.00
  6000.0000      24629225.     -50798.472      5287.3016         0.00000000
     0.00000000     0.00000000
 1     0.00000000   0.00
 Li_solid(s)
   4  3           0.00000    0.00000    0.00000    0.00000    1.00000
  453.69000     -3853.5254      46.068939     -9.6044006     -.20498280E-01
     0.00000000 -124058.57
 1     0.00000000   0.00
  1000.0000     -1525604.3      6985.0554     -704.44799     0.50410253E-01
     0.00000000  19563982.
 2  491701.07      99.00 -129758.32       0.50
  1001.0000     -7248.2179      157.16855     -28.000000         0.00000000
     0.00000000     0.00000000
 1     0.00000000   0.00
 F2(g)
   4  4           0.00000    0.00000    0.00000    2.00000    0.00000
  1600.0000     -354.82340      222.97867     -56.401419     0.37116482E-02
 -.31811563E-06 -119091.51
 1 -1777.8761       0.50
  4000.0000      2556809.6     -2073.9671      142.79475     -.14325127E-02
     0.00000000 -82061625.
 2 -580689.05      99.00  76067.590       0.50
  6000.0000     -3352436.1      408.41455     -59.821707         0.00000000
     0.00000000 0.24958276E+09
 2  581650.71      99.00 -35316.873       0.50
  6000.0000      26821.579     -29.344780     -28.913066         0.00000000
     0.00000000     0.00000000
 1     0.00000000   0.00
 Na_solid(s)
   4  3           0.00000    0.00000    1.00000    0.00000    0.00000
  370.98000     -59594.506     -608.12041      83.612083     -.96523427E-01
     0.00000000     0.00000000
 1  16166.384      99.00
  1000.0000     -460367.57      2193.6121     -233.40572     0.14936660E-01
     0.00000000  5806510.7
 2  145943.73      99.00 -38503.267       0.50
  1001.0000      2124.2258      75.180129     -21.000000         0.00000000
     0.00000000     0.00000000
 1     0.00000000   0.00
 K_solid(s)
   4  4           0.00000    1.00000    0.00000    0.00000    0.00000
  400.00000      4578938.5      21051.717     -2842.0637      1.2013187
     0.00000000 -62368327.
 1 -1043329.6      99.00
  1039.5000      3223.3261      230.66797     -44.375754     0.13402586E-01
 -.25389940E-05 -199697.85
 1 -2842.2592      99.00
  1500.0000      1190.0430      44.144047     -17.445403     -.54434916E-02
     0.00000000 -997310.30
 1     0.00000000   0.00
  1501.0000      5276.2559      66.120194     -22.000000         0.00000000
     0.00000000     0.00000000
 1     0.00000000   0.00
 Li(s)                   
   4  1           0.00000    0.00000    0.00000    0.00000    1.00000
  6001.0000         0.00000000     0.00000000     0.00000000     0.00000000
     0.00000000     0.00000000
 1     0.00000000   0.00
 Ni(s)
   4  1           1.00000    0.00000    0.00000    0.00000    0.00000
  6001.0000         0.00000000     0.00000000     0.00000000     0.00000000
     0.00000000     0.00000000
 1     0.00000000   0.00
 Na(s)
   4  1           0.00000    0.00000    1.00000    0.00000    0.00000
  6001.0000         0.00000000     0.00000000     0.00000000     0.00000000
     0.00000000     0.00000000
 1     0.00000000   0.00
 K(s)
   4  1           0.00000    1.00000    0.00000    0.00000    0.00000
  6001.0000         0.00000000     0.00000000     0.00000000     0.00000000
     0.00000000     0.00000000
 1     0.00000000   0.00
 F(s)
   4  1           0.00000    0.00000    0.00000    1.00000    0.00000
  6001.0000         0.00000000     0.00000000     0.00000000     0.00000000
     0.00000000     0.00000000
 1     0.00000000   0.00