System Pb-Zn-Cu-Fe-Cl-e(CuCl)-e(FeZnsoln)-e(ZnFesoln)
    8    5    0   21    3    4    3   11
 Pb                       Zn                       Cu
 Fe                       Cl                       e(CuCl)
 e(FeZnsoln)              e(ZnFesoln)
   207.20000000              65.38000000              63.54600000
    55.84500000              35.45300000               0.00054858
     0.00054858               0.00054858
   6   1   2   3   4   5   6
   6   1   2   3   4   5   6
 Liquidsoln
 SUBQ
   6   6
 CuCl
   1  1    0.0    0.0    1.0    0.0    1.0    0.0    0.0    0.0
  3000.0000     -151122.87      354.57317     -66.944000         0.00000000
     0.00000000     0.00000000
  1.00000      1.00000         0.000000     0.000000     0.000000
  2.40000
 ZnCl2
   1  2    0.0    1.0    0.0    0.0    2.0    0.0    0.0    0.0
  1005.0000     -416867.43      308.48717     -65.835000     -.11564500E-01
     0.00000000     0.00000000
  3000.0000     -428547.87      469.17142     -89.079645         0.00000000
     0.00000000     0.00000000
  1.00000      2.00000         0.000000     0.000000     0.000000
  2.40000
 FeCl3
   1  2    0.0    0.0    0.0    1.0    3.0    0.0    0.0    0.0
  1500.0000     -402636.55      696.05336     -133.88800         0.00000000
     0.00000000     0.00000000
  3000.0000     -326304.55      273.01020     -83.000000         0.00000000
     0.00000000     0.00000000
  1.00000      3.00000         0.000000     0.000000     0.000000
  2.40000
 FeCl2
   1  2    0.0    0.0    0.0    1.0    2.0    0.0    0.0    0.0
  2000.0000     -341793.75      544.42204     -102.17300         0.00000000
     0.00000000     0.00000000
  3000.0000     -267447.75      224.70070     -65.000000         0.00000000
     0.00000000     0.00000000
  1.00000      2.00000         0.000000     0.000000     0.000000
  2.40000
 CuCl2
   4  2    0.0    0.0    1.0    0.0    2.0    0.0    0.0    0.0
  1500.0000     -174349.37      412.11241     -82.501348     -.16813021E-02
     0.00000000  1945.9013
 1 -3462.1777      99.00
  3000.0000     -196522.43      427.48835     -85.235406         0.00000000
     0.00000000     0.00000000
 1     0.00000000   0.00
  1.00000      2.00000         0.000000     0.000000     0.000000
  2.40000
 PbCl2
   1  3    1.0    0.0    0.0    0.0    2.0    0.0    0.0    0.0
  500.00000     -365945.98      313.37200     -68.390656     -.14604471E-01
     0.00000000     0.00000000
  2000.0000     -383851.53      609.81341     -111.50400         0.00000000
     0.00000000     0.00000000
  3000.0000     -280843.53      166.83253     -60.000000         0.00000000
     0.00000000     0.00000000
  1.00000      2.00000         0.000000     0.000000     0.000000
  2.40000
   6   1
 Cu                       Zn                       Fe
 Cu                       Fe                       Pb
 Cl
  1.00000      2.00000      3.00000      2.00000      2.00000      2.00000
   2   1   1   1   1   1
  1.00000
   1
   1   2   3   5   4   6
   1   1   1   1   1   1
   1   1   7   7  6.0000000      6.0000000      6.0000000      6.0000000
   2   2   7   7  6.0000000      6.0000000      3.0000000      3.0000000
   3   3   7   7  6.0000000      6.0000000      2.0000000      2.0000000
   5   5   7   7  6.0000000      6.0000000      3.0000000      3.0000000
   4   4   7   7  6.0000000      6.0000000      3.0000000      3.0000000
   6   6   7   7  6.0000000      6.0000000      3.0000000      3.0000000
   3
 G   1   2   7   7   0   0   0   0
     0.00000000   1.00     0.00000000   1.00     0.00000000   1.00
     0.00000000   0.00     0.00000000   0.00     0.00000000   0.00
   0   0  3960.6600     -3.7732600         0.00000000     0.00000000
     0.00000000     0.00000000
   3
 G   1   3   7   7   0   0   0   0
     0.00000000   1.00     0.00000000   1.00     0.00000000   1.00
     0.00000000   0.00     0.00000000   0.00     0.00000000   0.00
   0   0 -4364.0000         0.00000000     0.00000000     0.00000000
     0.00000000     0.00000000
   3
 G   1   2   7   7   1   0   0   0
     0.00000000   1.00     0.00000000   1.00     0.00000000   1.00
     0.00000000   0.00     0.00000000   0.00     0.00000000   0.00
   0   0 -2018.2700         0.00000000     0.00000000     0.00000000
     0.00000000     0.00000000
   3
 G   1   2   7   7   0   1   0   0
     0.00000000   1.00     0.00000000   1.00     0.00000000   1.00
     0.00000000   0.00     0.00000000   0.00     0.00000000   0.00
   0   0 -4457.2100     -.78300000         0.00000000     0.00000000
     0.00000000     0.00000000
   3
 G   1   3   7   7   1   0   0   0
     0.00000000   1.00     0.00000000   1.00     0.00000000   1.00
     0.00000000   0.00     0.00000000   0.00     0.00000000   0.00
   0   0  2940.0000      3.2400000         0.00000000     0.00000000
     0.00000000     0.00000000
   3
 G   1   2   7   7   0   0   1   0
     0.00000000   1.00     0.00000000   1.00     0.00000000   1.00
     0.00000000   0.00     0.00000000   0.00     0.00000000   0.00
   5   0 -4457.2100     -.78300000         0.00000000     0.00000000
     0.00000000     0.00000000
   3
 G   1   3   7   7   0   1   0   0
     0.00000000   1.00     0.00000000   1.00     0.00000000   1.00
     0.00000000   0.00     0.00000000   0.00     0.00000000   0.00
   0   0 -1534.0000         0.00000000     0.00000000     0.00000000
     0.00000000     0.00000000
   3
 G   3   5   7   7   0   0   0   0
     0.00000000   1.00     0.00000000   1.00     0.00000000   1.00
     0.00000000   0.00     0.00000000   0.00     0.00000000   0.00
   0   0 -4855.0000      4.1900000         0.00000000     0.00000000
     0.00000000     0.00000000
   3
 G   2   3   7   7   0   0   0   0
     0.00000000   1.00     0.00000000   1.00     0.00000000   1.00
     0.00000000   0.00     0.00000000   0.00     0.00000000   0.00
   0   0 -3865.0000         0.00000000     0.00000000     0.00000000
     0.00000000     0.00000000
   3
 G   2   3   7   7   1   0   0   0
     0.00000000   1.00     0.00000000   1.00     0.00000000   1.00
     0.00000000   0.00     0.00000000   0.00     0.00000000   0.00
   0   0 -5687.0000         0.00000000     0.00000000     0.00000000
     0.00000000     0.00000000
   3
 G   2   3   7   7   0   1   0   0
     0.00000000   1.00     0.00000000   1.00     0.00000000   1.00
     0.00000000   0.00     0.00000000   0.00     0.00000000   0.00
   0   0  634.00000         0.00000000     0.00000000     0.00000000
     0.00000000     0.00000000
   3
 G   4   5   7   7   0   0   0   0
     0.00000000   1.00     0.00000000   1.00     0.00000000   1.00
     0.00000000   0.00     0.00000000   0.00     0.00000000   0.00
   0   0 -2191.3800         0.00000000     0.00000000     0.00000000
     0.00000000     0.00000000
   3
 G   1   6   7   7   0   0   0   0
     0.00000000   1.00     0.00000000   1.00     0.00000000   1.00
     0.00000000   0.00     0.00000000   0.00     0.00000000   0.00
   0   0 -360.80000         0.00000000     0.00000000     0.00000000
     0.00000000     0.00000000
   3 
 G   1   6   7   7   0   0   1   0
     0.00000000   1.00     0.00000000   1.00     0.00000000   1.00
     0.00000000   0.00     0.00000000   0.00     0.00000000   0.00
   3   0 -798.80000         0.00000000     0.00000000     0.00000000
     0.00000000     0.00000000   
   0
 CuCl
 SUBL
 CuCl
   4  3    0.0    0.0    1.0    0.0    1.0    0.0    0.0    0.0
  703.00000     -249691.95      64.844646     -27.254490     -.12636483E-01
     0.00000000  2175226.1
 1  18685.989      99.00
  1500.0000     -161221.32      343.76697     -63.129454     -.15632282E-02
     0.00000000  624797.21
 1     0.00000000   0.00
  6000.0000     -163072.46      373.16903     -67.263764         0.00000000
     0.00000000     0.00000000
 1     0.00000000   0.00
 ZnCl[+]
   4  5    0.0    1.0    0.0    0.0    1.0   -1.0    0.0    0.0
  591.00000     -438928.43      412.64564     -52.600617     -.14332500E-01
     0.00000000  79178.323
 3 0.12737178       1.50 -1182.5224       0.50  4149.6852      99.00
  1600.0000     -443934.50      520.76008     -69.541632         0.00000000
     0.00000000  79178.323
 3 0.12737178       1.50 -1182.5224       0.50  4149.6852      99.00
  3800.0000     -7154614.6      28058.613     -3111.1658     -.94465719E-01
 0.24247629E-06 0.12853242E+09
 3  50.156849       1.50 -476073.79       0.50  1970739.8      99.00
  6000.0000     -15144427.      10311.024     -947.18081         0.00000000
     0.00000000 0.70491511E+09
 3  4.1010322       1.50 -346363.42       0.50  3055257.0      99.00
  6000.0000     -436546.75      446.79853     -61.096787         0.00000000
     0.00000000     0.00000000
 1     0.00000000   0.00
 VaCl[-]
   4  4    0.0    0.0    0.0    0.0    1.0    1.0    0.0    0.0
  1600.0000      6404.5081     -60.144892     -10.340383         0.00000000
     0.00000000 -79178.323
 3 -.12737178       1.50  1182.5224       0.50 -4149.6852      99.00
  3800.0000      6717084.6     -27597.997      3031.2838     0.94465719E-01
 -.24247629E-06 -.12853242E+09
 3 -50.156849       1.50  476073.79       0.50 -1970739.8      99.00
  6000.0000      14706897.     -9850.4093      867.29880         0.00000000
     0.00000000 -.70491511E+09
 3 -4.1010322       1.50  346363.42       0.50 -3055257.0      99.00
  6000.0000     -983.24413      13.816655     -18.785228         0.00000000
     0.00000000     0.00000000
 1     0.00000000   0.00
   2
  1.00000      1.00000
   3   1
 Cu                       Zn                       Va
 Cl
   1   2   3
   1   1   1
   3
   1   2   4   2
     0.00000000     0.00000000     0.00000000     0.00000000     0.00000000
     0.00000000
     0.00000000     0.00000000     0.00000000     0.00000000     0.00000000
     0.00000000
   0
 FeZnsoln
 SUBL
 Fe[3+]
   4  6    0.0    0.0    0.0    1.0    0.0    0.0   -3.0    0.0
  577.00000     -1449913.7      30842.498     -3405.4389     0.62998063
     0.00000000  237534.97
 3  686736.38      99.00 -364466.43       0.50 0.38211534       1.50
  1500.0000      6577675.2     -33479.671      3353.5301     -.35542634
 0.15640951E-04 -87226862.
 3 -2310378.8      99.00  627299.29       0.50 0.38211534       1.50
  1600.0000     -401302.20      504.89270     -51.978850         0.00000000
     0.00000000  237534.97
 3 0.38211534       1.50 -3547.5673       0.50  12449.056      99.00
  3800.0000     -20533342.      83118.450     -9176.8513     -.28339716
 0.72742886E-06 0.38559725E+09
 3  150.47055       1.50 -1428221.4       0.50  5912219.4      99.00
  6000.0000     -44502781.      29875.686     -2684.8964         0.00000000
     0.00000000 0.21147453E+10
 3  12.303097       1.50 -1039090.3       0.50  9165770.9      99.00
  6000.0000     -379138.94      283.00806     -26.644316         0.00000000
     0.00000000     0.00000000
 1     0.00000000   0.00
 FeCl3
   4  3    0.0    0.0    0.0    1.0    3.0    0.0    0.0    0.0
  577.00000     -1419517.7      30687.563     -3436.4600     0.62998063
     0.00000000     0.00000000
 2  674287.33      99.00 -360918.86       0.50
  1500.0000      6608071.2     -33634.605      3322.5090     -.35542634
 0.15640951E-04 -87464397.
 2 -2322827.9      99.00  630846.86       0.50
  6000.0000     -370906.17      349.95802     -83.000000         0.00000000
     0.00000000     0.00000000
 1     0.00000000   0.00
 Zn[2+]
   4  5    0.0    1.0    0.0    0.0    0.0    0.0   -2.0    0.0
  591.00000     -448497.94      443.79053     -42.260233     -.14332500E-01
     0.00000000  158356.65
 3 0.25474356       1.50 -2365.0449       0.50  8299.3704      99.00
  1600.0000     -453504.01      551.90497     -59.201248         0.00000000
     0.00000000  158356.65
 3 0.25474356       1.50 -2365.0449       0.50  8299.3704      99.00
  3800.0000     -13874864.      55627.610     -6142.4496     -.18893144
 0.48495258E-06 0.25706483E+09
 3  100.31370       1.50 -952147.59       0.50  3941479.6      99.00
  6000.0000     -29854490.      20132.434     -1814.4796         0.00000000
     0.00000000 0.14098302E+10
 3  8.2020644       1.50 -692726.84       0.50  6110513.9      99.00
  6000.0000     -438728.51      403.98188     -42.311559         0.00000000
     0.00000000     0.00000000
 1     0.00000000   0.00
 ZnCl3[-]
   4  5    0.0    1.0    0.0    0.0    3.0    0.0    1.0    0.0
  591.00000     -418101.92      288.85586     -73.281383     -.14332500E-01
     0.00000000 -79178.323
 3 -.12737178       1.50  1182.5224       0.50 -4149.6852      99.00
  1600.0000     -423107.99      396.97030     -90.222398         0.00000000
     0.00000000 -79178.323
 3 -.12737178       1.50  1182.5224       0.50 -4149.6852      99.00
  3800.0000      6287572.1     -27140.882      2951.4018     0.94465719E-01
 -.24247629E-06 -.12853242E+09
 3 -50.156849       1.50  476073.79       0.50 -1970739.8      99.00
  6000.0000      14277385.     -9393.2941      787.41678         0.00000000
     0.00000000 -.70491511E+09
 3 -4.1010322       1.50  346363.42       0.50 -3055257.0      99.00
  6000.0000     -430495.74      470.93184     -98.667243         0.00000000
     0.00000000     0.00000000
 1     0.00000000   0.00
   2
  1.00000      3.00000
   2   2
 Fe[3+]                   Zn[2+]
 Cl[-]                    Va
   1   1   2   2
   2   1   2   1
   0
 ZnFesoln
 SUBL
 ZnCl2
   1  2    0.0    1.0    0.0    0.0    2.0    0.0    0.0    0.0
  591.00000     -435688.92      323.50075     -62.941000     -.14332500E-01
     0.00000000     0.00000000
  6000.0000     -440694.99      431.61519     -79.882015         0.00000000
     0.00000000     0.00000000
 FeCl2[+]
   4  6    0.0    0.0    0.0    1.0    2.0    0.0    0.0   -1.0
  577.00000     -1419176.2      30759.708     -3426.1196     0.62998063
     0.00000000  79178.323
 3  678437.01      99.00 -362101.38       0.50 0.12737178       1.50
  1500.0000      6608412.7     -33562.460      3332.8494     -.35542634
 0.15640951E-04 -87385219.
 3 -2318678.2      99.00  629664.33       0.50 0.12737178       1.50
  1600.0000     -370564.68      422.10292     -72.659617         0.00000000
     0.00000000  79178.323
 3 0.12737178       1.50 -1182.5224       0.50  4149.6852      99.00
  3800.0000     -7081244.8      27959.955     -3114.2838     -.94465719E-01
 0.24247629E-06 0.12853242E+09
 3  50.156849       1.50 -476073.79       0.50  1970739.8      99.00
  6000.0000     -15071058.      10212.367     -950.29880         0.00000000
     0.00000000 0.70491511E+09
 3  4.1010322       1.50 -346363.42       0.50  3055257.0      99.00
  6000.0000     -363176.93      348.14137     -64.214772         0.00000000
     0.00000000     0.00000000
 1     0.00000000   0.00
 Cl2[2-]
   4  4    0.0    0.0    0.0    0.0    2.0    0.0    0.0    2.0
  1600.0000      12809.016     -120.28978     -20.680767         0.00000000
     0.00000000 -158356.65
 3 -.25474356       1.50  2365.0449       0.50 -8299.3704      99.00
  3800.0000      13434169.     -55195.995      6062.5675     0.18893144
 -.48495258E-06 -.25706483E+09
 3 -100.31370       1.50  952147.59       0.50 -3941479.6      99.00
  6000.0000      29413795.     -19700.819      1734.5976         0.00000000
     0.00000000 -.14098302E+10
 3 -8.2020644       1.50  692726.84       0.50 -6110513.9      99.00
  6000.0000     -1966.4883      27.633310     -37.570456         0.00000000
     0.00000000     0.00000000
 1     0.00000000   0.00
   2
  1.00000      2.00000
   3   1
 Zn[2+]                   Fe[3+]                   Va
 Cl[-]
   1   2   3
   1   1   1
   0
 Cl2(g)                  #
   4  4    0.0    0.0    0.0    0.0    2.0    0.0    0.0    0.0
  1600.0000      12809.016     -120.39923     -20.680767         0.00000000
     0.00000000 -158356.65
 3 -.25474356       1.50  2365.0449       0.50 -8299.3704      99.00
  3800.0000      13434169.     -55196.104      6062.5675     0.18893144
 -.48495258E-06 -.25706483E+09
 3 -100.31370       1.50  952147.59       0.50 -3941479.6      99.00
  6000.0000      29413795.     -19700.928      1734.5976         0.00000000
     0.00000000 -.14098302E+10
 3 -8.2020644       1.50  692726.84       0.50 -6110513.9      99.00
  6000.0000     -1966.4883      27.523866     -37.570456         0.00000000
     0.00000000     0.00000000
 1     0.00000000   0.00
 Fe_bcc(s)               #
  13  2    0.0    0.0    0.0    1.0    0.0    0.0    0.0    0.0
  1811.0000      1225.7000      124.13400     -23.514300     -.43975200E-02
 -.58926900E-07  77358.500
  1812.0000     -24287.831      298.76801     -46.000000         0.00000000
     0.00000000     0.00000000
  1043.00      2.22000      1.00000     0.400000
 Cu_solid(s)             #
   4  3    0.0    0.0    1.0    0.0    0.0    0.0    0.0    0.0
  1100.0000      4202.9035      197.36619     -33.557531     0.45658239E-02
 -.11445611E-05 -106313.40
 1 -2799.2454      99.00
  2000.0000      7533338.7     -12223.998      1111.3179     -.46747244E-01
     0.00000000 -.18031373E+09
 2 -1909966.9      99.00  328507.90       0.50
  2001.0000     -10155.016      192.76214     -32.844000         0.00000000
     0.00000000     0.00000000
 1     0.00000000   0.00
 Zn_solid(s)             #
   1  2    0.0    1.0    0.0    0.0    0.0    0.0    0.0    0.0
  1000.0000     -6832.4901      108.04852     -21.980430     -.44352990E-02
 -.55097997E-06 -21533.868
  1001.0000     -10737.869      171.87601     -31.380000         0.00000000
     0.00000000     0.00000000
 Pb_solid(s)             #
   1  2    1.0    0.0    0.0    0.0    0.0    0.0    0.0    0.0
  1100.0000     -7283.4602      95.043571     -23.465163     -.48891149E-02
     0.00000000 -21956.982
  1101.0000     -7495.8742      128.60133     -29.000000         0.00000000
     0.00000000     0.00000000
 CuCl(s)                 #
   1  1    0.0    0.0    1.0    0.0    1.0    0.0    0.0    0.0
  6001.0000         0.00000000     0.00000000     0.00000000     0.00000000
     0.00000000     0.00000000
 CuCl2(s)                #
   1  1    0.0    0.0    1.0    0.0    2.0    0.0    0.0    0.0
  6001.0000         0.00000000     0.00000000     0.00000000     0.00000000
     0.00000000     0.00000000
 ZnCl2(s)                #
  7  1    0.0    1.0    0.0    0.0    2.0    0.0    0.0    0.0
   -415649.0 106.5991
   6001.0000 62.941 0.028665 0.0 0.0
 FeCl3(s)                #
   1  1    0.0    0.0    0.0    1.0    3.0    0.0    0.0    0.0
  6001.0000         0.00000000     0.00000000     0.00000000     0.00000000
     0.00000000     0.00000000
 FeCl2(s)                #
   1  1    0.0    0.0    0.0    1.0    2.0    0.0    0.0    0.0
  6001.0000         0.00000000     0.00000000     0.00000000     0.00000000
     0.00000000     0.00000000
 PbCl2(s)                #
   7  1    1.0    0.0    0.0    0.0    2.0    0.0    0.0    0.0
   -359406.0     135.98
  6001.0000  68.4910348     0.02895867  0.00000000     0.00000000